score: 39.609995
duration: 1493.658978
